4900 8
2 4 14 4
0 90 180 270
0 1 6 7 12 13
1 2 3 10 11 12
3 4 5 6 13
0 7 8 9 10
0 0
966 56
1983 -86
2185 152
2734 131
3000 681
2819 814
2819 1274
3000 1407
2734 1957
2185 1936
1983 2174
966 2032
0 2088
2 1 4 4
0 90 180 270
0 1 2 3
0 0
3034 0
3034 261
0 261
4 1 6 4
0 90 180 270
0 1 2 3 4 5
0 0
1761 -173
2183 477
2183 837
1761 1487
0 1314
4 2 6 4
0 90 180 270
0 1 4 5
1 2 3 4
0 0
796 119
1592 0
1666 125
796 305
-74 125
4 3 8 4
0 90 180 270
0 1 6 7
1 2 3 6
3 4 5 6
0 0
411 65
800 0
1189 65
1600 0
1500 368
800 286
100 368
4 1 4 4
0 90 180 270
0 1 2 3
0 0
936 0
936 659
0 659
2 3 8 4
0 90 180 270
0 1 3 7
3 4 5 6 7
1 2 3
0 0
1010 70
1835 -73
2130 215
2517 168
2620 853
2538 1293
-56 1293
2 3 8 4
0 90 180 270
0 1 2 6 7
2 3 4
2 4 5 6
0 0
2499 0
2705 387
2622 934
2148 967
1920 1152
1061 1059
0 1125
