60 10
3 2 8 4
0 90 180 270
0 1 2 6 7
2 3 4 5
0 0
1 -1
7 -3
12 -8
15 -5
10 0
11 1
1 1
3 3 9 4
0 90 180 270
0 1 2 3
0 3 4 8
5 6 7 8
0 0
-2 -12
2 -12
2 -11
3 -11
3 -12
7 -12
7 -10
3 0
3 1 8 4
0 90 180 270
0 1 2 3 4 5 6 7
0 0
-2 -6
-2 -18
0 -24
7 -24
9 -18
9 -6
7 0
3 1 4 4
0 90 180 270
0 1 2 3
0 0
0 -15
14 -15
14 0
3 1 4 4
0 90 180 270
0 1 2 3
0 0
9 0
7 5
2 5
3 1 7 4
0 90 180 270
0 1 2 3 4 5 6
0 0
1 -29
3 -32
6 -31
11 -21
5 -1
2 1
3 1 5 4
0 90 180 270
0 1 2 3 4
0 0
5 -3
23 -3
13 2
1 2
3 5 10 4
0 90 180 270
0 1 5 6
1 2 5
2 3 4
0 6 9
7 8 9
0 0
3 0
4 6
3 6
3 5
2 4
1 4
0 5
0 6
-1 6
3 1 4 4
0 90 180 270
0 1 2 3
0 0
1 -2
8 -2
6 1
3 1 3 4
0 90 180 270
0 1 2
0 0
14 0
5 6.4
