100 16
1 1 3 2
0 180
0 1 2
0 0
35 0
0 34
1 1 3 2
0 180
0 1 2
0 0
33 0
18 15
1 1 4 2
0 180
0 1 2 3
0 0
32 0
32 41
14 33
1 1 6 2
0 180
0 1 2 3 4 5
0 0
18 15
16 38
13 62
4 57
-35 34
1 1 5 2
0 180
0 1 2 3 4
0 0
15 -15
29 18
23 19
-2 23
1 2 4 2
0 180
0 1 2
0 2 3
0 0
39 23
20 26
0 66
1 1 6 2
0 180
0 1 2 3 4 5
0 0
25 -4
27 14
29 35
22 33
-3 24
1 1 4 2
0 180
0 1 2 3
0 0
6 -1
24 7
2 18
1 1 3 2
0 180
0 1 2
0 0
22 -11
2 21
1 1 3 2
0 180
0 1 2
0 0
20 -32
20 5
1 1 3 2
0 180
0 1 2
0 0
25 9
-1 15
1 1 5 2
0 180
0 1 2 3 4
0 0
19 -3
28 2
27 17
24 40
1 1 3 2
0 180
0 1 2
0 0
24 40
-20 40
1 1 4 2
0 180
0 1 2 3
0 0
26 -6
33 -4
-3 23
1 1 3 2
0 180
0 1 2
0 0
36 -27
56 0
1 1 3 2
0 180
0 1 2
0 0
20 5
20 27
