70 25
1 1 4 1
0
0 1 2 3
0 0
6 -4
12 0
6 4
1 2 6 1
0
0 1 2 5
2 3 4 5
0 0
5 0
5 10
-5 10
-5 5
0 5
1 3 8 1
0
0 1 2 7
2 3 6 7
3 4 5 6
0 0
6 0
4 2
4 4
6 6
0 6
2 4
2 2
1 3 8 1
0
0 1 2 7
2 3 6 7
3 4 5 6
0 0
8 0
6 2
6 6
8 8
0 8
2 6
2 2
1 3 8 1
0
0 1 2 7
2 3 6 7
3 4 5 6
0 0
10 0
8 2
8 8
10 10
0 10
2 8
2 2
1 3 8 1
0
0 1 4 5
1 2 3 4
0 5 6 7
0 0
6 0
6 6
4 6
4 2
2 2
2 6
0 6
1 3 8 1
0
0 1 4 5
1 2 3 4
0 5 6 7
0 0
8 0
8 8
6 8
6 2
2 2
2 8
0 8
1 3 8 1
0
0 1 4 5
1 2 3 4
0 5 6 7
0 0
10 0
10 10
8 10
8 2
2 2
2 10
0 10
1 1 3 1
0
0 1 2
0 0
12 0
6 12
1 1 3 1
0
0 1 2
0 0
8 0
4 8
1 1 3 1
0
0 1 2
0 0
10 -10
10 0
1 1 4 1
0
0 1 2 3
0 0
6 8
0 16
-6 8
1 1 3 1
0
0 1 2
0 0
6 12
-6 12
1 1 3 1
0
0 1 2
0 0
8 0
4 8
1 1 3 1
0
0 1 2
0 0
5 10
-5 10
1 1 4 1
0
0 1 2 3
0 0
4 5
0 10
-4 5
1 1 7 1
0
0 1 2 3 4 5 6
0 0
2 0
4 2
4 4
1 6
-2 4
-2 2
1 1 7 1
0
0 1 2 3 4 5 6
0 0
4 0
6 2
6 6
2 8
-2 6
-2 2
1 2 6 1
0
0 1 2 3
0 3 4 5
0 0
6 0
6 3
3 3
3 6
0 6
1 2 6 1
0
0 1 2 5
2 3 4 5
0 0
4 0
4 8
-4 8
-4 4
0 4
1 2 6 1
0
0 1 2 3
0 3 4 5
0 0
6 0
6 3
3 3
3 6
0 6
1 2 6 1
0
0 1 2 5
2 3 4 5
0 0
4 0
4 8
-4 8
-4 4
0 4
1 1 4 1
0
0 1 2 3
0 0
12 0
12 12
0 12
1 1 4 1
0
0 1 2 3
0 0
8 0
8 8
0 8
1 1 4 1
0
0 1 2 3
0 0
10 0
10 10
0 10
