2550 9
2 4 9 1
0
0 1 6 7 8
1 2 3 6
3 4 6
4 5 6
0 0
468 -2
717 -94
846 -71
920 -68
1039 -115
1087 180
1068 281
-10 292
2 1 4 1
0
0 1 2 3
0 0
316 2
316 274
0 275
4 1 4 1
0
0 1 2 3
0 0
239 -1
242 79
0 77
2 2 6 1
0
0 1 2 3
0 3 4 5
0 0
0 -191
384 -310
384 -240
759 -241
758 0
2 1 4 1
0
0 1 2 3
0 0
0 -177
150 -252
148 -77
2 4 18 1
0
0 1 17
1 2 13 14 15 16 17
2 3 4 11 12 13
4 5 6 7 8 9 10 11
0 0
-349 2
-465 39
-497 93
-552 39
-807 -87
-852 -191
-852 -258
-797 -359
-707 -396
-523 -387
-445 -377
-313 -374
-255 -361
-184 -392
-116 -412
-68 -409
-3 -218
2 6 14 1
0
0 1 2 3 12 13
3 4 5 6
3 6 7
3 7 12
7 8 11 12
8 9 10 11
0 0
827 -232
894 -212
975 26
1097 28
1003 268
884 231
845 221
761 258
732 315
694 312
616 245
539 182
0 194
2 5 18 1
0
0 1 5 6 7
1 2 3 4 5
0 7 10 11 15 16 17
7 8 9 10
11 12 13 14 15
0 0
-54 -161
-151 -168
-76 -399
-25 -406
40 -366
120 -377
165 -363
208 -417
285 -421
291 -384
543 -352
575 -385
940 -427
943 -216
882 -219
836 -81
775 -34
2 2 6 1
0
0 1 2 4 5
2 3 4
0 0
745 24
619 196
590 276
522 260
6 282
