104 8
4 1 6 2
0 180
0 1 2 3 4 5
0 0
21 0
21 22
14 28
7 28
0 22
4 3 8 2
0 180
0 1 2 7
2 3 4 5
2 5 6 7
0 0
2 -5
11 -3
19 -5
21 0
17 -1
11 1
4 -1
2 3 7 2
0 180
0 1 5 6
1 2 3
1 3 4 5
0 0
33 0
33 14
30 14
26 17
13 15
0 17
2 1 4 2
0 180
0 1 2 3
0 0
4 0
4 39
0 39
4 1 4 2
0 180
0 1 2 3
0 0
10 0
10 11
0 11
4 2 6 2
0 180
0 1 2 5
2 3 4 5
0 0
-2 -2
0 -10
-2 -18
0 -20
2 -10
2 5 14 2
0 180
0 1 2 13
2 3 4 11 12 13
4 5 6 7
8 9 10 11
4 7 8 11
0 0
29 0
27 12
29 22
25 26
25 33
18 37
16 35
14 35
12 37
4 34
4 26
0 22
2 12
2 3 8 2
0 180
0 1 6 7
1 2 3 4
1 4 5 6
0 0
33 0
37 6
35 13
28 13
25 15
14 13
0 15
