1000 10
5 1 4 1
0
0 1 2 3
0 0
256 0
256 144
0 144
10 1 4 1
0
0 1 2 3
0 0
100 0
100 120
0 120
5 4 8 1
0
0 3 4 5
0 1 4 7
1 2 6 7
2 3 5 6
30 30
30 -198
-215 -198
-215 30
0 0
-185 0
-185 -168
0 -168
10 1 4 1
0
0 1 2 3
0 0
0 -70
184 -70
184 0
15 1 8 1
0
0 1 2 3 4 5 6 7
0 0
28 0
45 17
45 45
28 62
0 62
-17 45
-17 17
5 5 11 1
0
0 1 6 10
1 2 9 10
2 3 8 9
3 4 5 7 8
0 5 6 7
24 38
24 -92
-84 -202
-236 -202
-260 -184
-260 38
0 0
-228 0
-228 -180
-94 -180
0 -84
5 1 4 1
0
0 1 2 3
0 0
100 0
100 150
0 150
5 1 8 1
0
0 1 2 3 4 5 6 7
0 0
0 -136
12 -156
262 -156
286 -130
286 -106
268 -82
32 10
5 1 4 1
0
0 1 2 3
0 0
160 0
160 110
0 110
5 1 4 1
0
0 1 2 3
0 0
0 96
154 96
154 0