40 15
1 1 6 1
0
0 1 2 3 4 5
0 0
3 -4
7 -2
8 3
8 7
3 4
1 2 6 1
0
0 1 4 5
1 2 3 4
0 0
4 0
7 -4
9 2
5 2
0 3
1 1 4 1
0
0 1 2 3
0 0
6 0
9 1
1 5
1 2 6 1
0
0 1 2 5
2 3 4 5
0 0
3 -1
7 2
11 2
12 7
1 4
1 2 7 1
0
0 1 4 5 6
1 2 3 4
0 0
4 -5
9 -5
13 0
6 -1
6 3
2 3
1 1 4 1
0
0 1 2 3
0 0
4 -3
7 -3
8 2
1 1 5 1
0
0 1 2 3 4
0 0
2 -4
9 -3
12 1
2 4
1 1 5 1
0
0 1 2 3 4
0 0
3 -4
11 -8
10 -1
2 2
1 1 5 1
0
0 1 2 3 4
0 0
2 -3
4 -4
4 2
0 2
1 1 3 1
0
0 1 2
0 0
2 -7
3 1
1 1 4 1
0
0 1 2 3
0 0
4 4
5 7
2 5
1 1 4 1
0
0 1 2 3
0 0
5 0
4 5
2 7
1 2 5 1
0
0 1 4
1 2 3 4
0 0
5 3
9 -2
9 1
5 6
1 3 8 1
0
0 1 7
1 2 5 6
2 3 4 5
0 0
3 -2
7 -2
9 1
7 4
5 0
3 0
3 1
1 2 7 1
0
0 1 3 4 5 6
1 2 3
0 0
2 -3
2 -6
4 -5
6 -6
9 -1
4 2
