40 15
1 1 4 2
0 180
0 1 2 3
0 0
6 -6
6 -1
4 3
1 1 5 2
0 180
0 1 2 3 4
0 0
10 -1
11 1
7 4
2 5
1 1 5 2
0 180
0 1 2 3 4
0 0
2 -3
4 -3
5 0
5 1
1 1 4 2
0 180
0 1 2 3
0 0
1 3
0 7
-2 4
1 2 5 2
0 180
0 1 2 4
2 3 4
0 0
1 2
0 6
1 13
-2 7
1 1 5 2
0 180
0 1 2 3 4
0 0
2 0
4 5
3 8
0 5
1 1 5 2
0 180
0 1 2 3 4
0 0
1 -4
6 0
6 2
1 4
1 2 6 2
0 180
0 1 2 5
2 3 4 5
0 0
2 -4
5 -1
4 3
2 4
2 1
1 1 4 2
0 180
0 1 2 3
0 0
2 -6
4 -2
2 2
1 2 6 2
0 180
0 1 2 5
2 3 4 5
0 0
3 -1
6 -1
5 4
2 5
2 2
1 1 5 2
0 180
0 1 2 3 4
0 0
7 1
11 3
6 6
3 7
1 2 4 2
0 180
0 1 3
1 2 3
0 0
7 0
1 4
3 1
1 2 7 2
0 180
0 1 2 5 6
2 3 4 5
0 0
4 -3
7 -1
11 -1
9 2
5 1
1 2
1 1 5 2
0 180
0 1 2 3 4
0 0
3 -5
6 -2
4 1
1 3
1 1 4 2
0 180
0 1 2 3
0 0
3 -2
3 1
2 2
