40 15
1 3 6 4
0 90 180 270
0 1 2 4
2 3 4
0 4 5
0 0
6 -3
5 2
7 4
3 3
1 5
1 1 3 4
0 90 180 270
0 1 2
0 0
3 3
0 4
1 1 3 4
0 90 180 270
0 1 2
0 0
13 2
2 4
1 1 5 4
0 90 180 270
0 1 2 3 4
0 0
6 0
8 2
5 6
1 4
1 1 5 4
0 90 180 270
0 1 2 3 4
0 0
3 -1
7 -1
5 2
1 2
1 2 5 4
0 90 180 270
0 1 3 4
1 2 3
0 0
4 -1
6 -3
5 1
0 3
1 1 6 4
0 90 180 270
0 1 2 3 4 5
0 0
3 -3
7 -2
9 0
7 2
2 2
1 2 6 4
0 90 180 270
0 1 4 5
1 2 3 4
0 0
2 -2
2 -3
3 -3
3 1
0 1
1 1 4 4
0 90 180 270
0 1 2 3
0 0
3 1
3 2
0 2
1 2 7 4
0 90 180 270
0 1 4 5 6
1 2 3 4
0 0
5 -1
5 -2
8 -3
10 -1
6 3
2 4
1 1 4 4
0 90 180 270
0 1 2 3
0 0
7 2
9 5
0 4
1 2 6 4
0 90 180 270
0 1 4 5
1 2 3 4
0 0
4 -1
5 -4
9 -2
9 2
4 4
1 1 4 4
0 90 180 270
0 1 2 3
0 0
3 2
2 7
0 6
1 1 4 4
0 90 180 270
0 1 2 3
0 0
2 0
3 4
-1 3
1 2 6 4
0 90 180 270
0 1 2 4 5
2 3 4
0 0
2 -7
4 -4
7 -3
4 0
2 1
