5752 10
3 12 32 2
0 180
0 1 2 3 31
3 4 30 31
4 5 6 7 8 9 25 26 27 28 29 30
9 10 24 25
10 11 23 24
11 12 22 23
12 13 21 22
13 17 21
13 14 16 17
14 15 16
17 18 20 21
18 19 20
0 0
-5 -321
1 -642
151 -660
259 -691
423 -738
547 -770
680 -801
858 -837
988 -682
1075 -620
1211 -553
1319 -527
1481 -526
1597 -540
1737 -564
1719 -440
1708 -317
1718 -194
1736 -70
1596 -95
1480 -109
1318 -109
1210 -83
1074 -17
986 45
856 199
678 162
545 131
421 98
257 50
149 19
6 5 16 2
0 180
0 1 2 3 4 13 14 15
4 5 12 13
5 6 11 12
6 7 9 10 11
7 8 9
0 0
8 -148
26.962264 -299.698113
68.443477 -462.432101
179 -449
288 -446
401 -463
548 -497
764.01571 -545.561671
805 -350
887 -196
755 -176
655 -155
523 -121
272 -52
117.453306 -11.877301
6 6 25 2
0 180
0 1 6 7
1 2 5 6
2 3 4 5
0 7 8 14 15 16 17 18 19 20 21 22 23 24
8 9 10
8 10 11 12 13 14
0 0
-169 -43
-315 -77
-535.846154 -122.571429
-647.645161 -174.478111
-373 -199
-249 -215
-56 -258
82 -316
289 -435
423 -404
636.871841 -358.849278
811.512195 -300.041812
925 -246
1052 -177
1274 -73
1284 54
1292 178
1099 208
951 230
839 244
683 255
516.526316 255
340 229
159.952833 189.181876
6 6 16 2
0 180
0 1 2 15
2 3 14 15
3 4 13 14
4 5 12 13
5 6 10 11 12
6 7 8 9 10
0 0
8 -172
309 -166
484 -165
616 -167
718 -172
876 -194
1031 -248
1351.454902 -111.096798
1209 -57
1048.970624 -6.821297
909 16
785 26
668 29
511 26
213 14
6 8 19 2
0 180
0 1 2 14 15 18
15 17 18
15 16 17
2 3 13 14
3 6 7 12 13
3 4 5 6
7 11 12
7 8 9 10 11
0 0
33.96 -142.915
77 -268
89 -388
-826 -439
-824 -598
39 -607
169 -650
209 -800
251 -940
371 -924
354 -726
348 -610
350 -412
360 -264
382 -94
488.691229 232.112814
352 54
217 0
3 9 23 2
0 180
0 1 2 3 4 5 17 18 19 20 21 22
5 6 16 17
6 7 15 16
7 8 14 15
8 9 10
8 10 11
8 11 14
11 12 14
12 13 14
0 0
129.8 -28.844445
306.884615 30.18376
495 117.222222
616 179.222222
737 245.222222
855 297.222222
959 320.222222
1071 313.222222
1275 262.222222
1260 401.222222
1250 506.222222
1260 613.222222
1275 752.222222
1071 701.222222
959 694.222222
855 717.222222
737 769.222222
616 835.222222
495 897.222222
306.884615 984.260684
129.8 1043.288889
0 1014.444444
3 9 27 2
0 180
0 1 13 14
1 2 7 8 13
2 3 6 7
3 4 5 6
8 9 10 11 12 13
0 14 15 16 17 18 19 26
19 20 25 26
20 21 24 25
21 22 23 24
0 0
-4 -123
-8 -291
-17 -454
-40 -620
119 -619
246 -538
352 -501
492 -458
647 -416
766 -369
913 -302
1061 -224
1046 -100
1037 2
1061 224
913 302
766 369
647 416
492 458
352 501
246 538
119 619
-40 620
-17 454
-8 291
-4 123
6 3 15 2
0 180
0 1 2 6 7 8 9 10 11 12 13 14
2 3 6
3 4 5 6
0 0
-102 -115
-194 -221
-336 -289
-882 -298
-878 -458
-290 -475
-193 -574
-14 -623
72 -454
116 -358
170 -227
216.238095 -105.31746
265 43
80.52434 90.060117
6 1 10 2
0 180
0 1 2 3 4 5 6 7 8 9
0 0
-102.179254 -122.615104
-105.004593 -286.484765
-61.487118 -405.432529
21.545119 -545.169709
102.988428 -474.585508
194.159277 -364.551724
254.01642 -224.885057
244.572592 -70.635866
142.987363 93.835457
3 16 36 2
0 180
0 1 33 34 35
1 2 11 32 33
2 3 10 11
3 4 9 10
4 5 8 9
5 6 7 8
11 12 31 32
12 13 30 31
13 14 29 30
14 15 28 29
15 22 23 27 28
23 24 25 26 27
15 21 22
15 16 20 21
16 19 20
16 17 18 19
0 0
-128.611111 -78.520468
-231.611111 -120.520468
-334.611111 -135.520468
-497.611111 -119.520468
-614.611111 -96.520468
-814.611111 -51.520468
-853.611111 -219.520468
-584.611111 -280.520468
-355.611111 -331.520468
-237.611111 -357.520468
-112.611111 -437.520468
-76.611111 -627.520468
-76.611111 -789.520468
-98.611111 -942.520468
-357.611111 -1084.520468
-586.611111 -1134.520468
-855.611111 -1194.520468
-817.611111 -1362.520468
-617.611111 -1318.520468
-499.611111 -1295.520468
-336.611111 -1280.520468
-233.611111 -1295.520468
-131.611111 -1338.520468
-5.022876 -1415.805917
181.810576 -1496.439301
494.388889 -1426.520468
445.388889 -1217.520468
423.388889 -1070.520468
416.388889 -849.520468
417.388889 -709.520468
417.388889 -569.520468
421.388889 -421.520468
432.388889 -285.520468
497.388889 7.47953200000001
191.236396 80.520588
