79 17
8 4 11 1
0
0 1 9 10
1 2 3
1 3 4 8 9
4 5 6 7 8
0 0
12 -1
14 -3
24 0
33 1
59 2
59 13
4 13
4 8
2 5
0 5
8 3 8 1
0
0 1 2 7
2 3 5 6 7
3 4 5
0 0
0 -14
27 -17
37 -20
41 -22
47 -19
56 -16
56 0
1 1 4 1
0
0 1 2 3
0 0
57 0
57 5
0 5
1 1 4 1
0
0 1 2 3
0 0
52 0
52 5
0 5
1 1 4 1
0
0 1 2 3
0 0
44 0
44 5
0 5
1 1 4 1
0
0 1 2 3
0 0
42 0
42 5
0 5
8 1 4 1
0
0 1 2 3
0 0
21 0
21 2
0 2
8 1 4 1
0
0 1 2 3
0 0
15 4
13 7
0 6
1 1 4 1
0
0 1 2 3
0 0
15 1
15 4
0 4
1 1 4 1
0
0 1 2 3
0 0
14 0
14 5
0 5
1 1 4 1
0
0 1 2 3
0 0
14 1
14 4
0 4
1 1 4 1
0
0 1 2 3
0 0
13 0
13 5
0 5
2 1 4 1
0
0 1 2 3
0 0
13 1
13 4
0 4
2 1 4 1
0
0 1 2 3
0 0
12 0
12 5
0 5
8 1 7 1
0
0 1 2 3 4 5 6
0 0
4 2
6 10
4 11
-4 11
-6 10
-4 2
8 1 5 1
0
0 1 2 3 4
0 0
3 -2
8 0
8 8
2 8
4 1 7 1
0
0 1 2 3 4 5 6
0 0
2 1
3 6
2 7
-2 7
-3 6
-2 1
